
Resp charges for organic molecule                                               

iqopt   irstrnt  ihfree     qwt
  2      1      1        0.001000

 rel.rms   dipole mom       Qxx      Qyy      Qzz
    0.05763  13.74873-289.43907 211.85328  77.58580

          Point charges before & after optimization
    NO   At.No.    q0           q(opt)   IVARY  d(rstr)/dq 
     1     6   0.048794       0.114490    0    0.006578
     2     1  -0.001865      -0.014434    0    0.000000
     3     1   0.031593      -0.014434    2    0.000000
     4     6  -0.295621      -0.209181    0    0.004313
     5     1   0.062799       0.054324    0    0.000000
     6     1   0.089217       0.054324    5    0.000000
     7     1   0.078624       0.054324    5    0.000000
     8     6   0.190352       0.190352  -99    0.004651
     9     6  -0.483670      -0.347029    0    0.002769
    10     1   0.129305       0.086932    0    0.000000
    11     1   0.136794       0.086932   10    0.000000
    12     1   0.103947       0.086932   10    0.000000
    13     6  -0.404794      -0.347029    9    0.002769
    14     1   0.105306       0.086932   10    0.000000
    15     1   0.113662       0.086932   10    0.000000
    16     1   0.106432       0.086932   10    0.000000
    17     6   0.838994       0.838994  -99    0.001184
    18     8  -0.619695      -0.619695  -99    0.001593
    19     8  -0.483708      -0.483708  -99    0.002025
    20     6   0.270107       0.005031    0    0.009987
    21     1   0.054493       0.110308    0    0.000000
    22     1   0.049695       0.110308   21    0.000000
    23     6  -0.256857      -0.127975    0    0.006157
    24     1   0.139458       0.139939    0    0.000000
    25     1   0.174984       0.139939   24    0.000000
    26     7   0.131934       0.131934  -99    0.006040
    27     6  -0.403651      -0.198765    0    0.004494
    28     1   0.207843       0.117538    0    0.000000
    29     1   0.155647       0.117538   28    0.000000
    30     1   0.181258       0.117538   28    0.000000
    31     6  -0.241376      -0.198765   27    0.004494
    32     1   0.172140       0.117538   28    0.000000
    33     1   0.171170       0.117538   28    0.000000
    34     1   0.111414       0.117538   28    0.000000
    35     6  -0.123814       0.033739    0    0.009475
    36     1   0.091783       0.035018    0    0.000000
    37     1   0.125608       0.035018   36    0.000000
    38     6  -0.177818       0.036425    0    0.009396
    39     1   0.095068      -0.023705    0    0.000000
    40     1   0.027312      -0.023705   39    0.000000
    41     6   0.827363       0.827363  -99    0.001200
    42     8  -0.765113      -0.765113  -99    0.001296
    43     8  -0.765113      -0.765113  -99    0.001296

        Statistics of the fitting:
  The initial sum of squares (ssvpot)                     13.066
  The residual sum of squares (chipot)                     0.043
  The std err of estimate (sqrt(chipot/N))               0.00213
  ESP relative RMS (SQRT(chipot/ssvpot))                 0.05763

 Dipole Moment (Debye)=  13.74873
