
Resp charges for organic molecule                                               

iqopt   irstrnt  ihfree     qwt
  2      1      1        0.001000

 rel.rms   dipole mom       Qxx      Qyy      Qzz
    0.13617   0.00165  21.71820  -8.11021 -13.60798

          Point charges before & after optimization
    NO   At.No.    q0           q(opt)   IVARY  d(rstr)/dq 
     1     1   0.450218       0.450218  -99    0.000000
     2     8  -0.749792      -0.749792  -99    0.001322
     3     6   0.295253       0.293430    0    0.003226
     4     1  -0.011999      -0.011215    0    0.000000
     5     1  -0.012059      -0.011215    4    0.000000
     6     6   0.350042       0.350480    0    0.002744
     7     1  -0.004841      -0.004535    0    0.000000
     8     1  -0.004783      -0.004535    7    0.000000
     9     8  -0.609371      -0.609371  -99    0.001619
    10     6   0.341679       0.334763    0    0.002862
    11     1  -0.021022      -0.019114    0    0.000000
    12     1  -0.020980      -0.019114   11    0.000000
    13     6   0.330485       0.334763   10    0.002862
    14     1  -0.018820      -0.019114   11    0.000000
    15     1  -0.018612      -0.019114   11    0.000000
    16     8  -0.609371      -0.609371  -99    0.001619
    17     6   0.355704       0.350480    6    0.002744
    18     1  -0.006279      -0.004535    7    0.000000
    19     1  -0.006016      -0.004535    7    0.000000
    20     6   0.294097       0.293430    3    0.003226
    21     1  -0.011939      -0.011215    4    0.000000
    22     1  -0.012020      -0.011215    4    0.000000
    23     8  -0.749792      -0.749792  -99    0.001322
    24     1   0.450218       0.450218  -99    0.000000

        Statistics of the fitting:
  The initial sum of squares (ssvpot)                      1.178
  The residual sum of squares (chipot)                     0.022
  The std err of estimate (sqrt(chipot/N))               0.00177
  ESP relative RMS (SQRT(chipot/ssvpot))                 0.13617

 Dipole Moment (Debye)=   0.00165
