
Resp charges for organic molecule                                               

iqopt   irstrnt  ihfree     qwt
  2      1      1        0.001000

 rel.rms   dipole mom       Qxx      Qyy      Qzz
    0.19730   1.88481  -0.69290  51.98848 -51.29557

          Point charges before & after optimization
    NO   At.No.    q0           q(opt)   IVARY  d(rstr)/dq 
     1     6   0.029456       0.137422    0    0.005884
     2     1   0.084123       0.028881    0    0.000000
     3     1   0.040035       0.028881    2    0.000000
     4     1   0.039397       0.028881    2    0.000000
     5     8  -0.462923      -0.462923  -99    0.002111
     6     6   0.286082       0.193635    0    0.004589
     7     1   0.008409       0.013437    0    0.000000
     8     1   0.008021       0.013437    7    0.000000
     9     6   0.232743       0.357300    0    0.002695
    10     1   0.003709      -0.022896    0    0.000000
    11     1   0.003773      -0.022896   10    0.000000
    12     8  -0.595353      -0.595353  -99    0.001656
    13     6   0.410042       0.345031    0    0.002784
    14     1  -0.023814      -0.012708    0    0.000000
    15     1  -0.023767      -0.012708   14    0.000000
    16     6   0.248265       0.290967    0    0.003250
    17     1  -0.000083      -0.007222    0    0.000000
    18     1  -0.000249      -0.007222   17    0.000000
    19     8  -0.617349      -0.617349  -99    0.001599
    20     6   0.426222       0.406384    0    0.002389
    21     1  -0.030294      -0.027252    0    0.000000
    22     1  -0.030402      -0.027252   21    0.000000
    23     6   0.273532       0.287299    0    0.003287
    24     1  -0.008831      -0.010773    0    0.000000
    25     1  -0.008643      -0.010773   24    0.000000
    26     8  -0.629665      -0.629665  -99    0.001568
    27     6   0.421562       0.413075    0    0.002353
    28     1  -0.017519      -0.015645    0    0.000000
    29     1  -0.017695      -0.015645   28    0.000000
    30     6   0.260642       0.262370    0    0.003562
    31     1  -0.005424      -0.005103    0    0.000000
    32     1  -0.005491      -0.005103   31    0.000000
    33     8  -0.754198      -0.754198  -99    0.001314
    34     1   0.455686       0.455686  -99    0.000000

        Statistics of the fitting:
  The initial sum of squares (ssvpot)                      1.052
  The residual sum of squares (chipot)                     0.041
  The std err of estimate (sqrt(chipot/N))               0.00212
  ESP relative RMS (SQRT(chipot/ssvpot))                 0.19730

 Dipole Moment (Debye)=   1.88481
