
Resp charges for organic molecule                                               

iqopt   irstrnt  ihfree     qwt
  2      1      1        0.001000

 rel.rms   dipole mom       Qxx      Qyy      Qzz
    0.20899   0.25909 -21.64716 -24.30371  45.95087

          Point charges before & after optimization
    NO   At.No.    q0           q(opt)   IVARY  d(rstr)/dq 
     1     6   0.031060       0.138311    0    0.005859
     2     1   0.083647       0.028753    0    0.000000
     3     1   0.039855       0.028753    2    0.000000
     4     1   0.039197       0.028753    2    0.000000
     5     8  -0.463010      -0.463010  -99    0.002111
     6     6   0.281181       0.189511    0    0.004667
     7     1   0.009506       0.014517    0    0.000000
     8     1   0.009232       0.014517    7    0.000000
     9     6   0.237865       0.361460    0    0.002666
    10     1   0.003271      -0.023153    0    0.000000
    11     1   0.003331      -0.023153   10    0.000000
    12     8  -0.595387      -0.595387  -99    0.001656
    13     6   0.396796       0.332446    0    0.002880
    14     1  -0.021720      -0.010723    0    0.000000
    15     1  -0.021625      -0.010723   14    0.000000
    16     6   0.266009       0.308446    0    0.003084
    17     1  -0.002598      -0.009683    0    0.000000
    18     1  -0.002711      -0.009683   17    0.000000
    19     8  -0.617097      -0.617097  -99    0.001600
    20     6   0.396655       0.376429    0    0.002567
    21     1  -0.023848      -0.020770    0    0.000000
    22     1  -0.024023      -0.020770   21    0.000000
    23     6   0.281213       0.295750    0    0.003203
    24     1  -0.006127      -0.008280    0    0.000000
    25     1  -0.006130      -0.008280   24    0.000000
    26     8  -0.620258      -0.620258  -99    0.001592
    27     6   0.420308       0.409765    0    0.002371
    28     1  -0.029891      -0.027549    0    0.000000
    29     1  -0.029793      -0.027549   28    0.000000
    30     6   0.267484       0.272680    0    0.003443
    31     1  -0.006505      -0.006882    0    0.000000
    32     1  -0.006638      -0.006882   31    0.000000
    33     8  -0.623657      -0.623657  -99    0.001583
    34     6   0.411383       0.405342    0    0.002395
    35     1  -0.015404      -0.013898    0    0.000000
    36     1  -0.015680      -0.013898   35    0.000000
    37     6   0.266640       0.267183    0    0.003505
    38     1  -0.006737      -0.006286    0    0.000000
    39     1  -0.007035      -0.006286   38    0.000000
    40     8  -0.753526      -0.753526  -99    0.001316
    41     1   0.454768       0.454768  -99    0.000000

        Statistics of the fitting:
  The initial sum of squares (ssvpot)                      1.139
  The residual sum of squares (chipot)                     0.050
  The std err of estimate (sqrt(chipot/N))               0.00215
  ESP relative RMS (SQRT(chipot/ssvpot))                 0.20899

 Dipole Moment (Debye)=   0.25909
