
Resp charges for organic molecule                                               

iqopt   irstrnt  ihfree     qwt
  2      1      1        0.001000

 rel.rms   dipole mom       Qxx      Qyy      Qzz
    0.17656   1.78573 -12.63939 -20.18013  32.81952

          Point charges before & after optimization
    NO   At.No.    q0           q(opt)   IVARY  d(rstr)/dq 
     1     6   0.032638      -0.038650    0    0.009328
     2     1   0.011240       0.027992    0    0.000000
     3     1   0.016193       0.027992    2    0.000000
     4     6  -0.254895      -0.163832    0    0.005210
     5     1   0.071110       0.042159    0    0.000000
     6     1   0.051085       0.042159    5    0.000000
     7     1   0.063311       0.042159    5    0.000000
     8     6   0.162002       0.162002  -99    0.005253
     9     6  -0.466468      -0.379589    0    0.002547
    10     1   0.100180       0.098469    0    0.000000
    11     1   0.130630       0.098469   10    0.000000
    12     1   0.126179       0.098469   10    0.000000
    13     6  -0.338315      -0.379589    9    0.002547
    14     1   0.078596       0.098469   10    0.000000
    15     1   0.105215       0.098469   10    0.000000
    16     1   0.072987       0.098469   10    0.000000
    17     6   0.933602       0.933602  -99    0.001065
    18     8  -0.639389      -0.639389  -99    0.001545
    19     8  -0.561617      -0.561617  -99    0.001753
    20     6   0.135581       0.079639    0    0.007822
    21     1   0.055528       0.071925    0    0.000000
    22     1   0.056310       0.071925   21    0.000000
    23     6   0.381775       0.382196    0    0.002531
    24     1  -0.011750      -0.010921    0    0.000000
    25     1  -0.010908      -0.010921   24    0.000000
    26     8  -0.564656      -0.564656  -99    0.001744
    27     6   0.197358       0.296909    0    0.003192
    28     1   0.011833      -0.012688    0    0.000000
    29     1   0.010964      -0.012688   28    0.000000
    30     6   0.293996       0.224731    0    0.004065
    31     1   0.008274       0.008405    0    0.000000
    32     1   0.007905       0.008405   31    0.000000
    33     8  -0.455535      -0.455535  -99    0.002144
    34     6   0.011292       0.111505    0    0.006676
    35     1   0.088161       0.035186    0    0.000000
    36     1   0.044919       0.035186   35    0.000000
    37     1   0.044671       0.035186   35    0.000000

        Statistics of the fitting:
  The initial sum of squares (ssvpot)                      1.057
  The residual sum of squares (chipot)                     0.033
  The std err of estimate (sqrt(chipot/N))               0.00190
  ESP relative RMS (SQRT(chipot/ssvpot))                 0.17656

 Dipole Moment (Debye)=   1.78573
