
Resp charges for organic molecule                                               

iqopt   irstrnt  ihfree     qwt
  2      1      1        0.001000

 rel.rms   dipole mom       Qxx      Qyy      Qzz
    0.18527   0.25955 -14.92789 -16.14670  31.07460

          Point charges before & after optimization
    NO   At.No.    q0           q(opt)   IVARY  d(rstr)/dq 
     1     6   0.025867       0.133934    0    0.005983
     2     1   0.084833       0.029461    0    0.000000
     3     1   0.040613       0.029461    2    0.000000
     4     1   0.039934       0.029461    2    0.000000
     5     8  -0.462140      -0.462140  -99    0.002115
     6     6   0.297341       0.205824    0    0.004370
     7     1   0.006189       0.011139    0    0.000000
     8     1   0.005969       0.011139    7    0.000000
     9     6   0.213778       0.336390    0    0.002850
    10     1   0.006399      -0.019795    0    0.000000
    11     1   0.006567      -0.019795   10    0.000000
    12     8  -0.591593      -0.591593  -99    0.001667
    13     6   0.434877       0.373649    0    0.002585
    14     1  -0.029208      -0.018717    0    0.000000
    15     1  -0.028975      -0.018717   14    0.000000
    16     6   0.237163       0.275512    0    0.003412
    17     1  -0.002018      -0.008509    0    0.000000
    18     1  -0.002175      -0.008509   17    0.000000
    19     8  -0.624619      -0.624619  -99    0.001581
    20     6   0.429737       0.417012    0    0.002332
    21     1  -0.018377      -0.016476    0    0.000000
    22     1  -0.018603      -0.016476   21    0.000000
    23     6   0.261340       0.265499    0    0.003525
    24     1  -0.006376      -0.006627    0    0.000000
    25     1  -0.006640      -0.006627   24    0.000000
    26     8  -0.756584      -0.756584  -99    0.001310
    27     1   0.456701       0.456701  -99    0.000000

        Statistics of the fitting:
  The initial sum of squares (ssvpot)                      0.947
  The residual sum of squares (chipot)                     0.032
  The std err of estimate (sqrt(chipot/N))               0.00208
  ESP relative RMS (SQRT(chipot/ssvpot))                 0.18527

 Dipole Moment (Debye)=   0.25955
