
Resp charges for organic molecule                                               

iqopt   irstrnt  ihfree     qwt
  2      1      1        0.001000

 rel.rms   dipole mom       Qxx      Qyy      Qzz
    0.21628   1.88452  -7.61322  76.50404 -68.89082

          Point charges before & after optimization
    NO   At.No.    q0           q(opt)   IVARY  d(rstr)/dq 
     1     6   0.031048       0.139081    0    0.005838
     2     1   0.083896       0.028630    0    0.000000
     3     1   0.039846       0.028630    2    0.000000
     4     1   0.039199       0.028630    2    0.000000
     5     8  -0.463742      -0.463742  -99    0.002108
     6     6   0.280909       0.188640    0    0.004684
     7     1   0.009524       0.014505    0    0.000000
     8     1   0.009116       0.014505    7    0.000000
     9     6   0.244037       0.368501    0    0.002619
    10     1   0.001855      -0.024774    0    0.000000
    11     1   0.001889      -0.024774   10    0.000000
    12     8  -0.599183      -0.599183  -99    0.001646
    13     6   0.394442       0.329592    0    0.002903
    14     1  -0.021203      -0.010154    0    0.000000
    15     1  -0.021147      -0.010154   14    0.000000
    16     6   0.278459       0.321243    0    0.002972
    17     1  -0.004800      -0.011972    0    0.000000
    18     1  -0.004978      -0.011972   17    0.000000
    19     8  -0.622171      -0.622171  -99    0.001587
    20     6   0.385730       0.365559    0    0.002639
    21     1  -0.022473      -0.019448    0    0.000000
    22     1  -0.022652      -0.019448   21    0.000000
    23     6   0.307188       0.321732    0    0.002968
    24     1  -0.010477      -0.012586    0    0.000000
    25     1  -0.010360      -0.012586   24    0.000000
    26     8  -0.624559      -0.624559  -99    0.001581
    27     6   0.389035       0.378785    0    0.002553
    28     1  -0.023461      -0.021260    0    0.000000
    29     1  -0.023483      -0.021260   28    0.000000
    30     6   0.285398       0.290359    0    0.003256
    31     1  -0.005712      -0.006074    0    0.000000
    32     1  -0.005891      -0.006074   31    0.000000
    33     8  -0.616559      -0.616559  -99    0.001601
    34     6   0.401913       0.395705    0    0.002450
    35     1  -0.026667      -0.025128    0    0.000000
    36     1  -0.026908      -0.025128   35    0.000000
    37     6   0.286945       0.288863    0    0.003271
    38     1  -0.010896      -0.010522    0    0.000000
    39     1  -0.010793      -0.010522   38    0.000000
    40     8  -0.624592      -0.624592  -99    0.001581
    41     6   0.406695       0.401705    0    0.002416
    42     1  -0.014637      -0.013262    0    0.000000
    43     1  -0.014893      -0.013262   42    0.000000
    44     6   0.265522       0.265631    0    0.003523
    45     1  -0.006178      -0.005522    0    0.000000
    46     1  -0.006149      -0.005522   45    0.000000
    47     8  -0.752755      -0.752755  -99    0.001317
    48     1   0.454671       0.454671  -99    0.000000

        Statistics of the fitting:
  The initial sum of squares (ssvpot)                      1.241
  The residual sum of squares (chipot)                     0.058
  The std err of estimate (sqrt(chipot/N))               0.00216
  ESP relative RMS (SQRT(chipot/ssvpot))                 0.21628

 Dipole Moment (Debye)=   1.88452
