1 1002
2 1002
3 1002
4 1002
5 1002
6 1002
7 1002
8 1002
9 1002
10 1002
11 1002
12 1002
13 1002
14 1002
15 1002
16 1002
17 1002
18 1002
19 385
20 1002
21 897
22 472
23 58
24 934
25 649
26 1001
27 549
28 966
29 1002
30 1002
31 995
32 1002
33 1002
34 1002
35 1002
36 1002
37 1002
38 1002
39 999
40 1002
41 1002
42 1002
43 955
44 1002
45 1002
46 995
47 983
48 1002
49 1002
50 13
51 1002
52 1002
53 879
54 1002
55 1002
56 1002
57 1002
58 1002
59 1002
60 1002
61 1002
62 1002
63 1002
64 1002
65 1002
66 1002
67 1002
68 1002
69 1002
70 1002
71 1001
72 1002
73 1002
74 787
75 1002
76 1002
77 1002
78 1002
79 1002
80 1002
81 1002
82 1002
83 1002
84 1002
85 1002
86 1002
87 1000
88 1002
89 1002
90 1002
91 1002
92 1002
93 1002
94 1002
95 1002
96 1002
97 1002
98 1002
99 1002
100 1002
101 1002
102 1000
103 1002
104 1002
105 1002
106 1002
107 1002
108 1002
109 1002
110 1002
111 1002
112 1002
113 1002
114 1002
115 1002
116 1002
117 1002
118 1002
119 1002
120 1002
121 1002
122 1002
123 996
124 1002
125 1002
126 1002
127 1002
128 1002
129 1002
130 1002
131 1002
132 1002
133 1002
134 1002
135 978
136 1002
137 1002
138 627
139 1002
140 1002
141 998
142 492
143 1002
144 1002
145 1002
146 1002
147 1002
148 1002
149 1002
150 743
151 1002
152 1002
153 217
154 896
155 1002
156 1002
157 189
158 1002
159 1002
160 1002
161 1002
162 1002
163 1002
164 857
165 1002
166 1002
167 978
168 1001
169 1002
170 1002
171 1002
172 1002
173 1002
174 1002
175 1002
176 1002
177 333
178 1002
179 1002
180 1002
181 1001
182 1002
183 1002
184 1001
185 1002
186 1002
187 1002
188 775
189 1002
190 1002
191 1002
192 1002
193 1002
194 1002
195 1001
196 1002
197 1002
198 1002
199 1000
200 1002
201 1002
202 1002
203 1002
204 1002
205 1002
206 1002
207 1002
208 1002
209 1002
210 909
211 1002
212 1001
213 1002
214 35
215 948
216 75
217 1002
218 996
219 935
220 1002
221 1002
222 1002
223 1002
224 1002
225 1002
226 1002
227 1002
228 1002
229 1002
230 909
231 1002
232 1002
233 494
234 948
235 1002
236 1002
237 1000
238 999
239 1002
240 998
241 1002
242 1002
243 1002
244 1002
245 1002
246 1002
247 1002
248 1002
249 1002
250 1002
251 1002
252 991
253 1001
254 1002
255 1002
256 1002
257 1002
258 1002
259 1002
260 938
261 1002
262 1002
263 603
264 1002
265 1002
266 1002
267 1002
268 1002
269 1002
270 995
271 1002
272 1002
273 1002
274 987
275 1002
276 1002
277 988
278 1002
279 1002
280 1002
281 1002
282 1002
283 1002
284 1002
285 1002
286 1002
287 1002
288 1001
289 1000
290 1002
291 1002
292 1002
293 1002
294 1002
295 1002
296 1002
297 1002
298 1002
299 1002
300 1002
301 1002
302 1002
303 1002
304 1002
305 1002
306 1002
307 1002
308 1002
309 1002
310 1002
311 1002
312 1002
313 1002
314 1002
315 1002
316 1002
317 1002
318 1002
319 1002
320 1002
321 1002
322 1002
323 1002
324 1002
325 1002
326 1002
327 1002
328 1002
329 501
330 853
331 1002
332 1002
333 1002
334 410
335 1002
336 1002
337 1002
338 1002
339 1002
340 1002
341 1002
342 1002
343 1002
344 929
345 244
346 1002
347 1002
348 800
349 997
350 1002
351 1002
352 1002
353 1002
354 1002
355 1002
356 1002
357 1002
358 1002
359 973
360 1002
361 1002
362 1002
363 1002
364 1002
365 1002
366 1002
367 1002
368 1002
369 1002
370 1002
371 1002
372 1002
373 1002
374 1002
375 1002
376 950
377 1002
378 1002
379 1002
380 1002
381 1002
382 1002
383 1002
384 1002
385 1002
386 1002
387 968
388 1002
389 1002
390 1002
391 1002
392 1002
393 1002
394 1002
395 1002
396 1002
397 1002
398 1002
399 1002
400 1002
401 1002
402 987
403 1002
404 1002
405 1001
406 1001
407 841
408 974
409 1002
410 989
411 171
412 1002
413 1002
414 928
415 996
416 1002
417 1002
418 1002
419 1002
420 1002
421 1002
422 752
423 999
424 1002
425 932
426 657
427 1002
428 1002
429 968
430 781
431 1002
432 994
433 858
434 1002
435 1002
436 679
437 996
438 1002
439 1002
440 1002
441 1002
442 1002
443 1002
444 1002
445 1002
446 1002
447 1002
448 866
449 1002
450 1002
451 1002
452 998
453 1002
454 1002
455 1002
456 997
457 1002
458 1002
459 860
460 1002
461 1002
462 1002
463 1002
464 1002
465 1002
466 1002
467 1002
468 1002
469 1002
470 1002
471 1002
472 888
473 1002
474 1002
475 985
476 1001
477 1002
478 1002
479 1002
480 1002
481 1002
482 1002
483 1002
484 1002
485 1002
486 1002
487 1001
488 1002
489 1002
490 1002
491 1002
492 1002
493 1002
494 1002
495 1002
496 1002
497 1002
498 1002
499 1002
500 1002
501 1002
502 1002
503 1002
504 1002
505 1002
506 994
507 1002
508 1002
509 1002
510 1002
511 1002
512 1002
513 1002
514 1002
515 1002
516 1002
517 1002
518 1002
519 1002
520 1002
521 1002
522 1002
523 1002
524 1002
525 998
526 1002
527 1002
528 979
529 14
530 1002
531 989
532 202
533 1002
534 1002
535 1002
536 1002
537 1002
538 1001
539 1002
540 1002
541 1002
542 1002
543 570
544 1002
545 1002
546 894
547 1002
548 1002
549 1002
550 1002
551 1002
552 1002
553 1002
554 999
555 1002
556 1002
557 724
558 1002
559 1002
560 1002
561 1002
562 1002
563 1002
564 1002
565 1002
566 1002
567 1001
568 1002
569 1002
570 1002
571 982
572 1002
573 1002
574 1002
575 1002
576 1002
577 1002
578 965
579 1002
580 1002
581 1002
582 1002
583 0
