
Resp charges for organic molecule                                               

iqopt   irstrnt  ihfree     qwt
  2      1      1        0.001000

 rel.rms   dipole mom       Qxx      Qyy      Qzz
    0.08125   4.06868 113.38498 -52.53294 -60.85204

          Point charges before & after optimization
    NO   At.No.    q0           q(opt)   IVARY  d(rstr)/dq 
     1     8  -0.695954      -0.695954  -99    0.001422
     2     1   0.495924       0.495924  -99    0.000000
     3     6   0.647137       0.647137  -99    0.001527
     4     8  -0.563294      -0.563294  -99    0.001748
     5     6   0.599056       0.599056  -99    0.001647
     6     6  -0.429543      -0.437754    0    0.002227
     7     8  -0.678687      -0.678687  -99    0.001458
     8     6   0.897253       0.897253  -99    0.001108
     9     8  -0.587162      -0.587162  -99    0.001679
    10     6   0.088202       0.056165    0    0.008719
    11     8  -0.577346      -0.577346  -99    0.001707
    12     6   0.852720       0.852720  -99    0.001165
    13     8  -0.599981      -0.599981  -99    0.001644
    14     6   0.376358       0.376358  -99    0.002568
    15     8  -0.623735      -0.623735  -99    0.001583
    16     6   0.922554       0.922554  -99    0.001078
    17     8  -0.594840      -0.594840  -99    0.001658
    18     6  -0.034902      -0.070877    0    0.008159
    19     8  -0.520092      -0.520092  -99    0.001888
    20     6   0.884344       0.884344  -99    0.001124
    21     8  -0.592488      -0.592488  -99    0.001664
    22     6   0.298024       0.298024  -99    0.003181
    23     8  -0.667467      -0.667467  -99    0.001482
    24     6   0.937991       0.937991  -99    0.001060
    25     8  -0.564194      -0.564194  -99    0.001745
    26     6   0.072872       0.077699    0    0.007896
    27     8  -0.715477      -0.715477  -99    0.001384
    28     1   0.472086       0.472086  -99    0.000000
    29     6  -0.267263      -0.266490    0    0.003513
    30     6  -0.339652      -0.299484    0    0.003167
    31     1  -0.010646      -0.010646  -99    0.000000
    32     1   0.127582       0.124883    0    0.000000
    33     1   0.106283       0.124883   32    0.000000
    34     1   0.133558       0.124883   32    0.000000
    35     1   0.094612       0.106386    0    0.000000
    36     1   0.091283       0.106386   35    0.000000
    37     1   0.023384       0.023384  -99    0.000000
    38     1   0.107143       0.124602    0    0.000000
    39     1   0.115146       0.124602   38    0.000000
    40     1   0.028195       0.028195  -99    0.000000
    41     1   0.051418       0.055646    0    0.000000
    42     1   0.062419       0.055646   41    0.000000
    43     1   0.100820       0.088008    0    0.000000
    44     1   0.088842       0.088008   43    0.000000
    45     1   0.069391       0.088008   43    0.000000
    46     1   0.091034       0.095046    0    0.000000
    47     1   0.118848       0.095046   46    0.000000
    48     1   0.108247       0.095046   46    0.000000

        Statistics of the fitting:
  The initial sum of squares (ssvpot)                      4.557
  The residual sum of squares (chipot)                     0.030
  The std err of estimate (sqrt(chipot/N))               0.00149
  ESP relative RMS (SQRT(chipot/ssvpot))                 0.08125

 Dipole Moment (Debye)=   4.06868
